Time_us,Voltage
1544756,0.0000
1546220,0.0098
1547704,0.0196
1549196,0.0196
1550692,0.0293
1552176,0.0391
1553672,0.0489
1555156,0.0538
1556656,0.0587
1558144,0.0684
1559636,0.0782
1561124,0.0782
1562612,0.0880
1564092,0.0929
1565584,0.0978
1567080,0.1075
1568568,0.1124
1570068,0.1173
1571560,0.1271
1573056,0.1320
1574540,0.1369
1576040,0.1417
1577528,0.1515
1579024,0.1564
1580512,0.1662
1582000,0.1662
1583488,0.1760
1584976,0.1808
1586464,0.1857
1587960,0.1857
1589452,0.2004
1590932,0.2004
1592428,0.2102
1593924,0.2102
1595416,0.2199
1596904,0.2248
1598392,0.2297
1599880,0.2346
1601372,0.2346
1602864,0.2493
1604352,0.2493
1605844,0.2542
1607336,0.2590
1608824,0.2639
1610316,0.2688
1611804,0.2688
1613292,0.2737
1614784,0.2835
1616272,0.2884
1617756,0.2933
1619256,0.2981
1620740,0.3030
1622228,0.3079
1623720,0.3079
1625212,0.3177
1626708,0.3177
1628200,0.3226
1629688,0.3275
1631176,0.3324
1632668,0.3372
1634160,0.3421
1635656,0.3470
1637140,0.3470
1638632,0.3568
1640124,0.3617
1641616,0.3617
1643104,0.3617
1644600,0.3715
1646088,0.3763
1647572,0.3763
1649064,0.3763
1650552,0.3861
1652044,0.3861
1653532,0.3910
1655024,0.3959
1656516,0.4008
1658000,0.4057
1659488,0.4106
1660984,0.4154
1662472,0.4154
1663960,0.4154
1665448,0.4252
1666936,0.4252
1668428,0.4301
1669916,0.4301
1671408,0.4350
1672892,0.4350
1674384,0.4399
1675876,0.4448
1677368,0.4448
1678852,0.4497
1680344,0.4545
1681828,0.4594
1683316,0.4594
1684808,0.4643
1686296,0.4692
1687788,0.4692
1689276,0.4741
1690772,0.4741
1692264,0.4790
1693748,0.4790
1695232,0.4839
1696724,0.4839
1698212,0.4936
1699700,0.4936
1701196,0.4936
1702684,0.4985
1704176,0.5034
1705660,0.5034
1707152,0.5083
1708640,0.5083
1710132,0.5132
1711624,0.5132
1713116,0.5181
1714600,0.5181
1716088,0.5230
1717576,0.5230
1719064,0.5230
1720556,0.5327
1722048,0.5279
1723540,0.5327
1725032,0.5376
1726524,0.5376
1728016,0.5425
1729500,0.5425
1730992,0.5474
1732480,0.5523
1733972,0.5523
1735464,0.5523
1736960,0.5572
1738448,0.5572
1739940,0.5572
1741432,0.5621
1742928,0.5670
1744412,0.5670
1745896,0.5670
1747384,0.5718
1748872,0.5718
1750364,0.5767
1751856,0.5767
1753348,0.5816
1754840,0.5767
1756332,0.5816
1757824,0.5865
1759316,0.5865
1760808,0.5865
1762292,0.5914
1763784,0.5914
1765272,0.5963
1766764,0.5963
1768248,0.5963
1769740,0.6012
1771228,0.6061
1772724,0.6012
1774208,0.6012
1775704,0.6061
1777188,0.6061
1778676,0.6109
1780164,0.6109
1781648,0.6158
1783148,0.6158
1784640,0.6158
1786132,0.6207
1787620,0.6207
1789112,0.6207
1790600,0.6207
1792092,0.6256
1793584,0.6305
1795068,0.6305
1796552,0.6256
1798044,0.6305
1799532,0.6354
1801024,0.6354
1802516,0.6354
1804008,0.6403
1805496,0.6403
1806984,0.6403
1808476,0.6403
1809960,0.6452
1811452,0.6452
1812944,0.6452
1814432,0.6500
1815908,0.6500
1817396,0.6500
1818888,0.6500
1820372,0.6500
1821864,0.6549
1823360,0.6549
1824852,0.6549
1826340,0.6549
1827828,0.6647
1829320,0.6647
1830808,0.6647
1832300,0.6696
1833792,0.6647
1835284,0.6696
1836776,0.6647
1838272,0.6696
1839760,0.6696
1841256,0.6696
1842744,0.6696
1844240,0.6696
1845724,0.6745
1847216,0.6745
1848704,0.6745
1850192,0.6745
1851684,0.6794
1853176,0.6794
1854672,0.6794
1856160,0.6843
1857652,0.6843
1859144,0.6843
1860640,0.6891
1862128,0.6843
1863616,0.6891
1865104,0.6891
1866592,0.6891
1868084,0.6891
1869576,0.6940
1871064,0.6940
1872552,0.6940
1874044,0.6940
1875532,0.6989
1877028,0.6989
1878516,0.6940
1880000,0.6989
1881492,0.6989
1882980,0.6989
1884472,0.7038
1885956,0.7038
1887448,0.7038
1888936,0.7038
1890428,0.7038
1891916,0.7087
1893408,0.7087
1894892,0.7087
1896376,0.7087
1897864,0.7087
1899352,0.7087
1900844,0.7087
1902332,0.7136
1903832,0.7136
1905324,0.7136
1906824,0.7136
1908316,0.7136
1909808,0.7185
1911296,0.7185
1912784,0.7185
1914272,0.7185
1915764,0.7234
1917256,0.7185
1918744,0.7234
1920244,0.7185
1921728,0.7234
1923224,0.7185
1924712,0.7234
1926208,0.7234
1927696,0.7234
1929184,0.7234
1930672,0.7283
1932164,0.7283
1933668,0.7283
1935156,0.7283
1936660,0.7283
1938156,0.7331
1939656,0.7283
1941148,0.7283
1942652,0.7331
1944140,0.7331
1945632,0.7331
1947120,0.7380
1948604,0.7331
1950100,0.7331
1951588,0.7380
1953072,0.7380
1954560,0.7380
1956056,0.7380
1957540,0.7331
1959044,0.7380
1960532,0.7429
1962028,0.7380
1963516,0.7380
1965004,0.7429
1966496,0.7429
1967984,0.7380
1969472,0.7429
1970964,0.7429
1972460,0.7478
1973952,0.7478
1975444,0.7429
1976936,0.7429
1978428,0.7478
1979920,0.7478
1981408,0.7478
1982896,0.7478
1984384,0.7478
1985876,0.7527
1987368,0.7478
1988860,0.7527
1990352,0.7527
1991848,0.7478
1993336,0.7478
1994828,0.7527
1996320,0.7527
1997808,0.7527
1999296,0.7576
2000784,0.7527
2002280,0.7527
2003768,0.7527
2005264,0.7527
2006752,0.7527
2008248,0.7576
2009736,0.7527
2011232,0.7576
2012720,0.7576
2014216,0.7576
2015704,0.7576
2017192,0.7576
2018680,0.7576
2020168,0.7576
2021660,0.7625
2023152,0.7576
2024648,0.7576
2026136,0.7625
2027632,0.7576
2029120,0.7625
2030616,0.7625
2032104,0.7625
2033592,0.7625
2035084,0.7625
2036572,0.7625
2038064,0.7674
2039556,0.7674
2041048,0.7625
2042536,0.7625
2044032,0.7674
2045524,0.7625
2047024,0.7674
2048516,0.7674
2050008,0.7674
2051496,0.7674
2052984,0.7674
2054480,0.7674
2055968,0.7674
2057464,0.7674
2058952,0.7722
2060444,0.7674
2061936,0.7674
2063432,0.7674
2064920,0.7722
2066408,0.7674
2067896,0.7674
2069388,0.7722
2070880,0.7722
2072368,0.7722
2073860,0.7722
2075352,0.7722
2076848,0.7722
2078336,0.7771
2079832,0.7722
2081320,0.7722
2082808,0.7771
2084296,0.7771
2085784,0.7771
2087276,0.7722
2088768,0.7722
2090264,0.7722
2091752,0.7722
2093248,0.7771
2094736,0.7771
2096232,0.7771
2097720,0.7771
2099216,0.7820
2100696,0.7771
2102188,0.7771
2103680,0.7820
2105160,0.7771
2106660,0.7771
2108152,0.7771
2109648,0.7771
2111136,0.7771
2112632,0.7820
2114112,0.7771
2115612,0.7771
2117104,0.7771
2118592,0.7820
2120072,0.7820
2121560,0.7771
2123060,0.7820
2124548,0.7820
2126040,0.7820
2127528,0.7869
2129024,0.7820
2130508,0.7820
2132000,0.7820
2133480,0.7820
2134968,0.7820
2136456,0.7820
2137944,0.7820
2139436,0.7820
2140924,0.7820
2142416,0.7820
2143904,0.7820
2145396,0.7820
2146884,0.7820
2148376,0.7869
2149860,0.7869
2151348,0.7820
2152836,0.7869
2154324,0.7869
2155820,0.7869
2157308,0.7869
2158800,0.7820
2160284,0.7820
2161776,0.7820
2163264,0.7869
2164760,0.7869
2166244,0.7869
2167732,0.7820
2169220,0.7869
2170708,0.7869
2172204,0.7820
2173688,0.7918
2175188,0.7869
2176680,0.7918
2178172,0.7869
2179660,0.7869
2181156,0.7869
2182636,0.7869
2184124,0.7869
2185612,0.7869
2187100,0.7869
2188596,0.7918
2190088,0.7869
2191580,0.7918
2193072,0.7918
2194564,0.7869
2196052,0.7869
2197548,0.7869
2199040,0.7918
2200528,0.7918
2202016,0.7918
2203504,0.7918
2205000,0.7918
2206488,0.7918
2207980,0.7918
2209472,0.7918
2210968,0.7918
2212456,0.7918
2213948,0.7918
2215440,0.7918
2216928,0.7918
2218416,0.7918
2219904,0.7918
2221400,0.7918
2222888,0.7918
2224380,0.7918
2225872,0.7918
2227368,0.7918
2228856,0.7918
2230348,0.7918
2231840,0.7918
2233328,0.7918
2234816,0.7918
2236304,0.7918
2237800,0.7918
2239288,0.7918
2240784,0.7967
2242272,0.7967
2243764,0.7918
2245256,0.7918
2246748,0.7918
2248240,0.7967
2249732,0.7918
2251224,0.7918
2252712,0.7967
2254200,0.7967
2255688,0.7918
2257180,0.7918
2258672,0.7918
2260164,0.7967
2261656,0.7967
2263148,0.7918
2264640,0.7967
2266132,0.7967
2267624,0.7967
2269112,0.7967
2270600,0.7967
2272088,0.7967
2273580,0.7918
2275072,0.7918
2276568,0.7967
2278056,0.7918
2279552,0.7918
2281040,0.7967
2282532,0.7967
2284024,0.7967
2285512,0.7967
2287000,0.7967
2288488,0.7967
2289980,0.7967
2291472,0.7918
2292968,0.7967
2294456,0.7967
2295948,0.7967
2297440,0.7967
2298932,0.7967
2300424,0.7967
2301912,0.7967
2303400,0.7967
2304888,0.7918
2306380,0.7967
2307872,0.7967
2309364,0.7967
2310856,0.7967
2312348,0.8016
2313836,0.7967
2315332,0.7967
2316824,0.7967
2318308,0.7967
2319800,0.8016
2321284,0.7967
2322780,0.7967
2324272,0.7967
2325764,0.7967
2327256,0.7967
2328748,0.8016
2330236,0.8016
2331732,0.8016
2333220,0.8016
2334708,0.7967
2336200,0.8016
2337684,0.8016
2339176,0.8016
2340664,0.8016
2342160,0.8016
2343648,0.8016
2345144,0.8016
2346628,0.7967
2348128,0.7967
2349616,0.8016
2351100,0.7967
2352592,0.8016
2354080,0.8016
2355564,0.8016
2357052,0.8016
2358548,0.7967
2360036,0.8016
2361532,0.8016
2363020,0.8016
2364512,0.8016
2366000,0.8016
2367496,0.8016
2368980,0.8016
2370468,0.8016
2371956,0.8016
2373444,0.8016
2374940,0.8016
2376428,0.8016
2377924,0.8016
2379412,0.7967
2380908,0.8016
2382392,0.8016
2383884,0.8016
2385372,0.8016
2386860,0.8016
2388348,0.8016
2389836,0.8065
2391332,0.8016
2392820,0.7967
2394316,0.8016
2395804,0.8016
2397300,0.8016
2398788,0.8016
2400284,0.8065
2401772,0.8016
2403260,0.8016
2404748,0.8016
2406236,0.8016
2407732,0.8016
2409220,0.8016
2410716,0.8016
2412204,0.8016
2413696,0.8016
2415184,0.8016
2416680,0.8016
2418164,0.8016
2419652,0.8016
2421140,0.8016
2422628,0.8016
2424124,0.8065
2425612,0.8016
2427104,0.8016
2428592,0.8016
2430088,0.8016
2431572,0.8016
2433068,0.8016
2434556,0.8065
2436044,0.8016
2437532,0.8016
2439020,0.8016
2440516,0.8065
2442004,0.8065
2443496,0.8065
2444984,0.8065
2446480,0.8016
2447968,0.8016
2449460,0.8016
2450948,0.8016
2452436,0.8016
2453928,0.8016
2455416,0.8016
2456908,0.8016
2458400,0.8016
2459892,0.8016
2461376,0.8016
2462872,0.8016
2464356,0.8065
2465848,0.8065
2467332,0.8065
2468820,0.8016
2470308,0.8016
2471796,0.8016
2473292,0.8016
2474780,0.8016
2476272,0.8016
2477760,0.8016
2479256,0.8016
2480744,0.8065
2482236,0.8065
2483716,0.8065
2485204,0.8065
2486692,0.8016
2488180,0.8016
2489676,0.8065
2491160,0.8065
2492656,0.8016
2494144,0.8065
2495636,0.8065
2497124,0.8065
2498620,0.8065
2500100,0.8065
2501588,0.8016
2503076,0.8065
2504564,0.8016
2506060,0.8065
2507548,0.8016
2509040,0.8065
2510528,0.8065
2512020,0.8065
2513508,0.8065
2515004,0.8065
2516492,0.8065
2517980,0.8016
2519468,0.8016
2520956,0.8065
2522452,0.8065
2523940,0.8016
2525436,0.8016
2526924,0.8065
2528420,0.8065
2529908,0.8065
2531404,0.8065
2532892,0.8016
2534380,0.8016
2535872,0.8065
2537360,0.8016
2538856,0.8016
2540344,0.8065
2541840,0.8016
2543324,0.8065
2544820,0.8016
2546308,0.8065
2547804,0.8065
2549292,0.8065
2550780,0.8065
2552276,0.8065
2553768,0.8065
2555256,0.8065
2556744,0.8016
2558240,0.8016
2559728,0.8065
2561224,0.8065
2562712,0.8065
2564204,0.8065
2565692,0.8065
2567184,0.8016
2568668,0.8065
2570156,0.8065
2571644,0.8065
2573132,0.8065
2574624,0.8065
2576112,0.8065
2577604,0.8016
2579092,0.8065
2580588,0.8065
2582072,0.8065
2583568,0.8065
2585052,0.8016
2586540,0.8065
2588028,0.8065
2589516,0.8065
2591012,0.8065
2592500,0.8065
2593992,0.8065
2595476,0.8065
2596972,0.8065
2598460,0.8016
2599952,0.8065
2601436,0.8065
2602924,0.8016
2604412,0.8065
2605900,0.8065
2607396,0.8065
2608884,0.8065
2610376,0.8065
2611864,0.8065
2613356,0.8065
2614844,0.8065
2616340,0.8016
2617820,0.8065
2619308,0.8065
2620796,0.8065
2622288,0.8065
2623780,0.8065
2625268,0.8065
2626760,0.8065
2628244,0.8016
2629736,0.8065
2631224,0.8065
2632716,0.8065
2634204,0.8065
2635692,0.8065
2637180,0.8065
2638668,0.8065
2640164,0.8065
2641648,0.8016
2643140,0.8065
2644628,0.8065
2646120,0.8065
2647608,0.8065
2649100,0.8065
2650588,0.8065
2652076,0.8065
2653564,0.8065
2655052,0.8065
2656548,0.8065
2658032,0.8065
2659528,0.8065
2661012,0.8016
2662508,0.8065
2663996,0.8065
2665488,0.8065
2666972,0.8065
2668460,0.8065
2669948,0.8065
2671436,0.8065
2672932,0.8065
2674416,0.8065
2675908,0.8065
2677396,0.8065
2678892,0.8065
2680376,0.8065
2681872,0.8065
2683356,0.8065
2684844,0.8065
2686332,0.8065
2687820,0.8065
2689316,0.8113
2690808,0.8065
2692296,0.8065
2693784,0.8065
2695276,0.8065
2696764,0.8065
2698260,0.8065
2699740,0.8065
2701228,0.8065
2702716,0.8065
2704204,0.8065
2705700,0.8065
2707184,0.8065
2708680,0.8065
2710164,0.8065
2711660,0.8065
2713148,0.8065
2714640,0.8065
2716124,0.8065
2717612,0.8065
2719100,0.8065
2720588,0.8016
2722080,0.8113
2723572,0.8065
2725068,0.8065
2726552,0.8065
2728048,0.8065
2729532,0.8065
2731028,0.8065
2732508,0.8113
2734004,0.8065
2735484,0.8065
2736972,0.8065
2738468,0.8065
2739952,0.8065
2741448,0.8065
2742936,0.8065
2744428,0.8065
2745916,0.8065
2747412,0.8065
2748892,0.8065
2750380,0.8065
2751868,0.8065
2753360,0.8016
2754852,0.8065
2756340,0.8065
2757832,0.8016
2759320,0.8065
2760812,0.8065
2762300,0.8065
2763796,0.8065
2765276,0.8065
2766764,0.8065
2768252,0.8065
2769740,0.8113
2771240,0.8065
2772724,0.8065
2774220,0.8065
2775708,0.8065
2777200,0.8065
2778688,0.8065
2780184,0.8065
2781668,0.8065
2783156,0.8065
2784648,0.8065
2786132,0.8065
2787628,0.8065
2789112,0.8065
2790608,0.8065
2792096,0.8113
2793592,0.8065
2795076,0.8065
2796572,0.8065
2798060,0.8065
2799548,0.8065
2801036,0.8065
2802524,0.8065
2804020,0.8065
2805508,0.8065
2807000,0.8065
2808488,0.8016
2809980,0.8113
2811476,0.8065
2812964,0.8065
2814452,0.8016
2815940,0.8065
2817432,0.8065
2818920,0.8065
2820412,0.8065
2821896,0.8065
2823392,0.8065
2824880,0.8065
2826372,0.8065
2827860,0.8065
2829356,0.8065
2830836,0.8065
2832324,0.8065
2833812,0.8113
2835308,0.8065
2836796,0.8065
2838284,0.8065
2839776,0.8016
2841264,0.8065
2842756,0.8065
2844244,0.8065
2845740,0.8065
2847220,0.8065
2848708,0.8065
2850196,0.8065
2851684,0.8065
2853180,0.8065
2854668,0.8113
2856164,0.8065
2857652,0.8065
2859148,0.8065
2860636,0.8065
2862132,0.8065
2863620,0.8065
2865108,0.8065
2866600,0.8065
2868088,0.8113
2869584,0.8065
2871068,0.8113
2872568,0.8065
2874052,0.8065
2875548,0.8065
2877036,0.8065
2878528,0.8065
2880012,0.8065
2881500,0.8065
2882984,0.8065
2884472,0.8113
2885968,0.8065
2887452,0.8065
2888948,0.8065
2890432,0.8065
2891928,0.8065
2893412,0.8065
2894908,0.8065
2896388,0.8065
2897876,0.8113
2899372,0.8113
2900856,0.8065
2902348,0.8113
2903840,0.8113
2905336,0.8113
2906828,0.8065
2908316,0.8113
2909808,0.8065
2911300,0.8065
2912780,0.8065
2914268,0.8065
2915756,0.8065
2917244,0.8016
2918740,0.8065
2920228,0.8065
2921720,0.8065
2923204,0.8065
2924700,0.8065
2926188,0.8065
2927684,0.8113
2929180,0.8113
2930668,0.8065
2932148,0.8113
2933644,0.8065
2935132,0.8065
2936620,0.8065
2938116,0.8065
2939604,0.8065
2941100,0.8065
2942588,0.8065
2944084,0.8065
2945572,0.8065
2947060,0.8065
2948548,0.8065
2950036,0.8065
2951532,0.8065
2953020,0.8065
2954512,0.8065
2956000,0.8065
2957492,0.8065
2958980,0.8065
2960476,0.8065
2961964,0.8065
2963448,0.8065
2964936,0.8065
2966424,0.8065
2967916,0.8065
2969404,0.8065
2970900,0.8065
2972388,0.8065
2973884,0.8065
2975368,0.8065
2976864,0.8113
2978356,0.8113
2979848,0.8065
2981332,0.8065
2982820,0.8065
2984308,0.8065
2985796,0.8113
2987296,0.8065
2988780,0.8065
2990276,0.8065
2991764,0.8065
2993260,0.8065
2994748,0.8065
2996240,0.8065
2997724,0.8065
2999212,0.8065
3000700,0.8113
3002196,0.8065
3003684,0.8065
3005172,0.8065
3006668,0.8113
3008164,0.8065
3009660,0.8065
3011148,0.8065
3012640,0.8065
3014124,0.8113
3015620,0.8065
3017108,0.8065
3018600,0.8065
3020092,0.8065
3021580,0.8016
3023076,0.7918
3024568,0.7820
3026056,0.7771
3027552,0.7722
3029048,0.7625
3030540,0.7576
3032028,0.7527
3033516,0.7478
3035000,0.7380
3036492,0.7331
3037988,0.7331
3039492,0.7283
3040984,0.7234
3042480,0.7136
3043972,0.7087
3045456,0.7038
3046944,0.6989
3048432,0.6940
3049920,0.6843
3051412,0.6794
3052908,0.6745
3054396,0.6745
3055888,0.6647
3057376,0.6598
3058872,0.6549
3060360,0.6500
3061844,0.6452
3063344,0.6403
3064828,0.6354
3066324,0.6305
3067808,0.6256
3069300,0.6256
3070792,0.6158
3072288,0.6109
3073768,0.6061
3075264,0.6061
3076748,0.6012
3078244,0.5963
3079732,0.5865
3081228,0.5914
3082720,0.5816
3084208,0.5767
3085696,0.5718
3087184,0.5670
3088676,0.5621
3090168,0.5621
3091664,0.5572
3093152,0.5523
3094648,0.5523
3096136,0.5425
3097632,0.5376
3099120,0.5327
3100608,0.5279
3102096,0.5279
3103584,0.5230
3105076,0.5230
3106564,0.5181
3108064,0.5083
3109548,0.5083
3111040,0.5034
3112528,0.4985
3114024,0.4936
3115512,0.4936
3117000,0.4888
3118488,0.4888
3119976,0.4790
3121468,0.4790
3122952,0.4741
3124456,0.4692
3125944,0.4643
3127436,0.4643
3128928,0.4643
3130420,0.4545
3131912,0.4545
3133400,0.4497
3134888,0.4448
3136376,0.4448
3137868,0.4399
3139360,0.4350
3140848,0.4350
3142336,0.4301
3143832,0.4301
3145320,0.4203
3146816,0.4203
3148300,0.4203
3149788,0.4154
3151280,0.4106
3152764,0.4106
3154260,0.4057
3155748,0.4008
3157236,0.4008
3158724,0.3959
3160228,0.3910
3161716,0.3910
3163208,0.3910
3164696,0.3861
3166192,0.3812
3167684,0.3812
3169172,0.3763
3170664,0.3715
3172156,0.3666
3173656,0.3666
3175148,0.3617
3176644,0.3617
3178132,0.3568
3179624,0.3568
3181112,0.3519
3182608,0.3470
3184092,0.3519
3185584,0.3470
3187068,0.3421
3188564,0.3372
3190064,0.3372
3191556,0.3372
3193052,0.3324
3194540,0.3324
3196044,0.3275
3197532,0.3275
3199024,0.3226
3200516,0.3177
3202008,0.3177
3203496,0.3177
3204984,0.3128
3206476,0.3079
3207960,0.3128
3209460,0.3030
3210940,0.3030
3212436,0.3030
3213920,0.3030
3215412,0.2981
3216904,0.2981
3218392,0.2884
3219880,0.2884
3221368,0.2884
3222860,0.2884
3224352,0.2835
3225844,0.2835
3227336,0.2786
3228828,0.2737
3230320,0.2737
3231816,0.2737
3233304,0.2688
3234792,0.2737
3236280,0.2688
3237768,0.2639
3239260,0.2639
3240752,0.2590
3242240,0.2639
3243732,0.2542
3245232,0.2590
3246712,0.2590
3248208,0.2493
3249700,0.2542
3251196,0.2444
3252680,0.2444
3254168,0.2444
3255664,0.2444
3257152,0.2395
3258648,0.2395
3260136,0.2346
3261632,0.2346
3263120,0.2346
3264616,0.2297
3266104,0.2297
3267596,0.2297
3269088,0.2248
3270576,0.2248
3272064,0.2248
3273552,0.2248
3275048,0.2199
3276536,0.2151
3278036,0.2199
3279524,0.2151
3281024,0.2151
3282516,0.2102
3284000,0.2053
3285480,0.2053
3286968,0.2102
3288456,0.2053
3289940,0.2053
3291432,0.2053
3292916,0.2004
3294404,0.1955
3295900,0.2004
3297388,0.1955
3298876,0.1955
3300372,0.1906
3301856,0.1955
3303348,0.1955
3304836,0.1857
3306324,0.1857
3307820,0.1857
3309312,0.1808
3310800,0.1857
3312292,0.1808
3313784,0.1808
3315272,0.1808
3316764,0.1760
3318252,0.1760
3319740,0.1808
3321224,0.1711
3322724,0.1760
3324212,0.1711
3325704,0.1662
3327200,0.1711
3328692,0.1662
3330188,0.1662
3331680,0.1662
3333172,0.1613
3334664,0.1564
3336148,0.1613
3337640,0.1564
3339124,0.1564
3340620,0.1613
3342112,0.1564
3343604,0.1564
3345096,0.1515
3346592,0.1515
3348080,0.1515
3349572,0.1515
3351064,0.1515
3352552,0.1466
3354040,0.1466
3355524,0.1466
3357020,0.1466
3358512,0.1466
3360004,0.1417
3361492,0.1417
3362988,0.1369
3364480,0.1417
3365972,0.1369
3367464,0.1320
3368948,0.1369
3370440,0.1369
3371928,0.1320
3373416,0.1320
3374904,0.1271
3376404,0.1320
3377884,0.1320
3379380,0.1271
3380868,0.1320
3382360,0.1271
3383852,0.1222
3385352,0.1271
3386840,0.1222
3388328,0.1222
3389816,0.1222
3391304,0.1222
3392800,0.1173
3394288,0.1173
3395784,0.1173
3397272,0.1173
3398768,0.1173
3400256,0.1124
3401748,0.1173
3403240,0.1173
3404728,0.1124
3406216,0.1124
3407704,0.1124
3409196,0.1124
3410688,0.1124
3412180,0.1075
3413664,0.1075
3415160,0.1075
3416648,0.1075
3418144,0.1075
3419624,0.1075
3421116,0.1075
3422604,0.1026
3424092,0.1026
3425584,0.1026
3427072,0.1026
3428568,0.1026
3430056,0.0978
3431552,0.1026
3433040,0.0978
3434536,0.0978
3436020,0.0978
3437508,0.0929
3438996,0.0978
3440484,0.0929
3441976,0.0978
3443464,0.0929
3444956,0.0929
3446444,0.0880
3447932,0.0929
3449424,0.0880
3450912,0.0880
3452392,0.0929
3453880,0.0880
3455364,0.0880
3456844,0.0880
3458328,0.0880
3459808,0.0831
3461304,0.0831
3462792,0.0831
3464288,0.0782
3465772,0.0782
3467260,0.0782
3468748,0.0782
3470236,0.0782
3471724,0.0831
3473216,0.0782
3474708,0.0733
3476200,0.0782
3477692,0.0782
3479180,0.0733
3480676,0.0733
3482164,0.0733
3483660,0.0733
3485140,0.0782
3486624,0.0733
3488112,0.0733
3489600,0.0684
3491092,0.0684
3492576,0.0733
3494072,0.0684
3495556,0.0684
3497052,0.0684
3498540,0.0684
3500028,0.0684
3501516,0.0733
3503008,0.0684
3504492,0.0635
3505984,0.0684
3507476,0.0684
3508964,0.0635
3510460,0.0635
3511948,0.0587
3513444,0.0635
3514936,0.0635
3516428,0.0587
3517916,0.0587
3519404,0.0587
3520896,0.0635
3522380,0.0587
3523876,0.0587
3525364,0.0587
3526860,0.0587
3528344,0.0587
3529840,0.0587
3531328,0.0587
3532824,0.0587
3534304,0.0587
3535792,0.0587
3537284,0.0538
3538768,0.0587
3540264,0.0538
3541752,0.0538
3543248,0.0538
3544736,0.0538
3546232,0.0587
3547720,0.0538
3549216,0.0489
3550696,0.0489
3552184,0.0538
3553672,0.0489
3555160,0.0489
3556652,0.0538
3558148,0.0489
3559640,0.0489
3561128,0.0489
3562620,0.0489
3564112,0.0489
3565604,0.0489
3567088,0.0489
3568576,0.0440
3570060,0.0440
3571548,0.0489
3573044,0.0440
3574532,0.0440
3576016,0.0440
3577500,0.0440
3578996,0.0440
3580476,0.0440
3581972,0.0391
3583460,0.0440
3584944,0.0440
3586428,0.0440
3587908,0.0391
3589400,0.0440
3590880,0.0440
3592368,0.0391
3593856,0.0391
3595352,0.0391
3596840,0.0391
3598328,0.0342
3599820,0.0391
3601308,0.0391
3602792,0.0391
3604284,0.0391
3605776,0.0391
3607264,0.0391
3608756,0.0342
3610244,0.0342
3611740,0.0391
3613228,0.0342
3614716,0.0342
3616208,0.0342
3617696,0.0391
3619180,0.0293
3620668,0.0342
3622164,0.0342
3623652,0.0342
3625148,0.0342
3626636,0.0342
3628132,0.0293
3629620,0.0293
3631112,0.0293
3632596,0.0342
3634088,0.0342
3635576,0.0293
3637064,0.0342
3638560,0.0342
3640048,0.0293
3641540,0.0342
3643032,0.0342
3644528,0.0293
3646016,0.0293
3647512,0.0293
3648996,0.0293
3650480,0.0293
3651968,0.0293
3653456,0.0244
3654948,0.0293
3656440,0.0293
3657932,0.0293
3659424,0.0293
3660920,0.0293
3662408,0.0244
3663900,0.0293
3665384,0.0244
3666872,0.0244
3668360,0.0244
3669848,0.0244
3671344,0.0244
3672832,0.0244
3674328,0.0244
3675816,0.0244
3677312,0.0196
3678804,0.0196
3680300,0.0244
3681784,0.0196
3683276,0.0196
3684764,0.0244
3686252,0.0244
3687744,0.0244
3689232,0.0196
3690728,0.0244
3692212,0.0244
3693708,0.0244
3695196,0.0196
3696696,0.0196
3698180,0.0196
3699668,0.0196
3701156,0.0196
3702648,0.0196
3704140,0.0196
3705632,0.0196
3707128,0.0196
3708616,0.0244
3710104,0.0196
3711596,0.0147
3713092,0.0196
3714580,0.0196
3716068,0.0196
3717560,0.0196
3719048,0.0196
3720544,0.0196
3722032,0.0196
3723528,0.0196
3725016,0.0147
3726508,0.0196
3727996,0.0147
3729488,0.0196
3730980,0.0147
3732468,0.0147
3733952,0.0196
3735444,0.0196
3736940,0.0147
3738428,0.0147
3739920,0.0147
3741408,0.0147
3742904,0.0147
3744392,0.0147
3745888,0.0147
3747376,0.0098
3748856,0.0147
3750344,0.0098
3751824,0.0147
3753320,0.0147
3754808,0.0147
3756304,0.0147
3757796,0.0147
3759288,0.0147
3760780,0.0098
3762264,0.0147
3763752,0.0098
3765232,0.0147
3766720,0.0098
3768200,0.0098
3769688,0.0147
3771176,0.0098
3772664,0.0147
3774152,0.0098
3775640,0.0147
3777132,0.0147
3778624,0.0098
3780104,0.0147
3781592,0.0147
3783084,0.0147
3784568,0.0147
3786064,0.0098
3787544,0.0147
3789040,0.0098
3790520,0.0147
3792016,0.0098
3793496,0.0147
3794992,0.0098
3796468,0.0098
3797944,0.0098
3799424,0.0098
3800904,0.0049
3802396,0.0049
3803876,0.0098
3805368,0.0098
3806848,0.0147
3808344,0.0098
3809824,0.0098
3811304,0.0049
3812788,0.0098
3814272,0.0049
3815764,0.0098
3817248,0.0049
3818740,0.0098
3820216,0.0049
3821708,0.0098
3823184,0.0147
3824680,0.0049
3826160,0.0098
3827640,0.0049
3829124,0.0098
3830608,0.0098
3832096,0.0098
3833576,0.0049
3835068,0.0049
3836556,0.0049
3838052,0.0049
3839544,0.0049
3841036,0.0098
3842516,0.0049
3843996,0.0098
3845480,0.0049
3846964,0.0049
3848456,0.0049
3849940,0.0049
3851436,0.0049
3852916,0.0049
3854408,0.0000
3855868,0.0000
3857332,0.0049
3858820,0.0049
3860308,0.0000
3861780,0.0049
3863260,0.0049
3864752,0.0049
3866236,0.0049
3867732,0.0049
3869212,0.0000
3870676,0.0049
3872164,0.0049
3873652,0.0049
3875136,0.0049
3876620,0.0000
3878092,0.0049
3879572,0.0049
3881068,0.0049
3882548,0.0000
3884012,0.0049
3885500,0.0049
3886988,0.0000
3888460,0.0000
3889924,0.0000
3891396,0.0000
3892852,0.0049
3894344,0.0000
3895804,0.0000
3897268,0.0049
3898756,0.0049
3900244,0.0000
3901716,0.0000
3903172,0.0000
3904644,0.0000
3906108,0.0000
3907572,0.0049
3909060,0.0000
3910524,0.0049
3912020,0.0049
3913500,0.0000
3914972,0.0000
3916436,0.0049
3917932,0.0000
3919388,0.0000
3920852,0.0049
3922340,0.0000
3923804,0.0000
3925276,0.0000
3926744,0.0000
3928212,0.0000
3929676,0.0049
3931172,0.0049
3932652,0.0049
3934140,0.0000
3935604,0.0000
3937068,0.0000
3938540,0.0000
3939996,0.0000
3941468,0.0000
3942924,0.0000
3944388,0.0000
3945852,0.0000
3947316,0.0000
3948788,0.0000
3950252,0.0000
3951724,0.0000
3953180,0.0000
3954644,0.0000
3956108,0.0000
3957572,0.0000